Starting Wed May 26 22:12:17 2021 with 374.2125265968101
22:12:20      374.212527   1141  9     0.000     0.000      0.00
22:12:30      374.219942   1124  9     7.415     7.415     10.68
22:12:40      374.224537   1124  9     4.596    12.011     17.30
22:12:50      374.227837   1043  9     3.300    15.310     22.05
22:13:00      374.231173   1023  9     3.337    18.647     26.85
22:13:10      374.235368   1058  9     4.194    22.841     32.89
22:13:20      374.238682   1058  9     3.314    26.155     37.66
Starting Wed May 26 22:13:31 2021 with 374.2459749107289
22:13:40      374.248776   1114   9     2.802     2.802      4.03
22:13:50      374.252904   1104   9     4.127     6.929      9.98
22:14:00      374.255699   1104   9     2.795     9.724     14.00
22:14:10      374.262095   1140   9     6.396    16.120     23.21
22:14:20      374.265409   1138   9     3.314    19.434     27.98
22:14:30      374.269281   1179   9     3.873    23.307     33.56
22:14:40      374.272606   1179   9     3.324    23.829     34.31
22:14:50      374.276506   1159   9     3.900    23.603     33.99
22:15:00      374.282135   1159   9     5.629    26.436     38.07
22:15:10      374.284653   1087   9     2.518    22.559     32.48
22:15:20      374.288441   1087   9     3.788    23.033     33.17
22:15:30      374.294084   1066   9     5.643    24.803     35.72
Starting Wed May 26 22:16:44 2021 with 374.3235217981702
22:16:50      374.327931   1175   9     4.409     4.409      6.35
22:17:00      374.330361   1185   9     2.430     6.839      9.85
22:17:10      374.334617   1146   9     4.256    11.096     15.98
22:17:20      374.338198   1146   9     3.581    14.676     21.13
22:17:30      374.341752   1109   9     3.554    18.230     26.25
22:17:40      374.348452   1128   9     6.700    24.930     35.90
22:17:50      374.352379   1162   9     3.927    24.448     35.21
22:18:00      374.355754   1181   9     3.375    25.393     36.57
22:18:10      374.359080   1137   9     3.326    24.462     35.23
22:18:20      374.362260   1149   9     3.180    24.062     34.65
22:18:30      374.365870   1110   9     3.610    24.118     34.73
22:18:40      374.373032   1110   9     7.163    24.581     35.40
22:18:50      374.375449   1126   9     2.416    23.069     33.22
22:19:00      374.379566   1126   9     4.117    23.812     34.29
22:19:10      374.382203   1441  12     2.637    23.123     33.30
22:19:20      374.385251   1389  12     3.048    22.992     33.11
22:19:30      374.391445   1449  12     6.194    25.575     36.83
22:19:40      374.394754   1449  12     3.308    21.721     31.28
22:19:50      374.397098   1457  12     2.344    21.649     31.17
22:20:00      374.403948   1520  12     6.851    24.382     35.11
22:20:10      374.407157   1520  12     3.209    24.954     35.93
22:20:20      374.411964   1520  12     4.807    26.713     38.47
22:20:30      374.414750   1497  12     2.786    23.304     33.56
22:20:40      374.423069   1497  12     8.320    28.315     40.77
22:20:50      374.424816   1510  12     1.747    27.719     39.91
22:21:00      374.428261   1510  12     3.444    24.312     35.01
22:21:10      374.432053   1377  12     3.793    24.896     35.85
22:21:20      374.440321   1377  12     8.267    28.357     40.83
22:21:30      374.442592   1352  12     2.272    27.843     40.09
22:21:40      374.445760   1352  12     3.168    22.691     32.68
22:21:50      374.449441   1373  12     3.680    24.624     35.46
22:22:00      374.451839   1373  12     2.399    23.579     33.95
22:22:10      374.457273   1085   9     5.434    25.220     36.32
22:22:20      374.459476   1114   9     2.203    19.155     27.58
22:22:30      374.463020   1114   9     3.544    20.428     29.42
22:22:40      374.464975   1117   9     1.954    19.214     27.67
22:22:50      374.471148   1117   9     6.173    21.707     31.26
22:23:00      374.473274   1116   9     2.126    21.435     30.87
22:23:10      374.476720   1116   9     3.447    19.447     28.00
22:23:20      374.479688   1116   9     2.967    20.212     29.11
22:23:30      374.482165   1046   9     2.477    19.145     27.57
22:23:40      374.487406   1046   9     5.241    22.431     32.30
22:23:50      374.490140   1115   9     2.735    18.992     27.35
22:24:00      374.492679   1115   9     2.539    19.405     27.94
22:24:10      374.494919   1111   9     2.240    18.198     26.21
22:24:20      374.499263   1105   9     4.344    19.575     28.19
22:24:30      374.501135    769   6     1.872    18.970     27.32
22:24:40      374.503841    769   6     2.706    16.435     23.67
22:24:50      374.505460    768   6     1.619    15.319     22.06
22:25:00      374.507569    768   6     2.109    14.890     21.44
22:25:10      374.511251    809   6     3.683    16.333     23.52
22:25:20      374.513427    809   6     2.176    14.165     20.40
22:25:30      374.515063    757   6     1.636    13.928     20.06
22:25:40      374.517466    757   6     2.403    13.625     19.62
22:25:50      374.522394    751   6     4.928    16.934     24.39
22:26:00      374.524311    691   6     1.917    16.742     24.11
22:26:10      374.526508    670   6     2.197    15.256     21.97
22:26:20      374.527551    670   6     1.044    14.124     20.34
22:26:30      374.531622    688   6     4.071    16.559     23.85
22:26:40      374.533516    648   6     1.894    16.050     23.11
22:26:50      374.535896    683   6     2.380    13.502     19.44
22:27:00      374.537065    683   6     1.169    12.754     18.37
22:27:10      374.537232    369   3     0.168    10.725     15.44
22:27:20      374.537526    369   3     0.294     9.975     14.36
22:27:30      374.537759    371   3     0.233     6.137      8.84
22:27:40      374.538164    353   3     0.406     4.648      6.69
22:27:50      374.538456    353   3     0.292     2.560      3.69
22:28:00      374.538717    353   3     0.261     1.652      2.38
22:28:10      374.538881    343   3     0.163     1.648      2.37
22:28:20      374.539443    355   3     0.562     1.917      2.76
22:28:30      374.539508    347   3     0.066     1.750      2.52
22:28:40      374.539743    334   3     0.235     1.579      2.27
22:28:50      374.539945    334   3     0.202     1.489      2.14
22:29:00      374.540373    312   3     0.428     1.656      2.38
22:29:10      374.540574    344   3     0.201     1.694      2.44
22:29:20      374.540706    386   3     0.132     1.263      1.82
22:29:30      374.540920    386   3     0.214     1.411      2.03
22:29:40      374.541085    386   3     0.165     1.342      1.93
22:29:50      374.541248    236   2     0.163     1.303      1.88
22:30:00      374.541381    236   2     0.133     1.008      1.45
22:30:10      374.541544    248   2     0.163     0.970      1.40
22:30:20      374.541811    248   2     0.266     1.105      1.59
22:30:30      374.541972    246   2     0.162     1.052      1.52
22:30:40      374.542202    221   2     0.230     1.117      1.61
22:30:50      374.542367    221   2     0.165     1.119      1.61
22:31:00      374.542529    210   2     0.162     1.148      1.65
22:31:10      374.542728    194   2     0.199     1.183      1.70
22:31:20      374.542798    194   2     0.070     0.988      1.42
22:31:30      374.542798    103   1     0.000     0.826      1.19
22:31:40      374.542897    103   1     0.098     0.694      1.00
22:31:50      374.543032    124   1     0.135     0.665      0.96
22:32:00      374.543129    124   1     0.097     0.600      0.86
22:32:10      374.543195    128   1     0.065     0.467      0.67
22:32:20      374.543261    147   1     0.066     0.463      0.67
22:32:30      374.543425    147   1     0.164     0.627      0.90
22:32:40      374.543492    156   1     0.066     0.595      0.86
22:32:50      374.543559    156   1     0.067     0.527      0.76
22:33:00      374.543658    170   1     0.100     0.529      0.76
22:33:10      374.543790    170   1     0.131     0.595      0.86
22:33:20      374.543888    166   1     0.099     0.627      0.90
22:33:30      374.544940    166   1     1.052     1.515      2.18
22:33:40      374.545359    282   2     0.418     1.867      2.69
22:33:50      374.546435    197   2     1.077     2.876      4.14
22:34:00      374.547485    197   2     1.049     3.826      5.51
22:34:10      374.549047    197   2     1.562     5.258      7.57
22:34:20      374.549763    197   2     0.716     5.875      8.46
22:34:30      374.550496    228   2     0.733     5.556      8.00
22:34:40      374.552572    200   2     2.076     7.213     10.39
22:34:50      374.553317    228   2     0.745     6.882      9.91
22:35:00      374.554372    187   2     1.055     6.887      9.92
22:35:10      374.555101    195   2     0.729     6.054      8.72
22:35:20      374.556548    195   2     1.447     6.785      9.77
22:35:30      374.557931    195   2     1.383     7.435     10.71
22:35:40      374.558318    231   2     0.387     5.746      8.27
22:35:50      374.559405    231   2     1.087     6.088      8.77
22:36:00      374.560432    231   2     1.027     6.060      8.73
22:36:10      374.562228    231   2     1.796     7.127     10.26
22:36:20      374.562902    250   2     0.674     6.354      9.15
22:36:30      374.564770    239   2     1.868     6.838      9.85
22:36:40      374.565606    239   2     0.836     7.288     10.49
22:36:50      374.566762    355   3     1.156     7.357     10.59
22:37:00      374.567539    335   3     0.777     7.107     10.23
22:37:10      374.569902    335   3     2.363     7.674     11.05
22:37:20      374.570682    337   3     0.780     7.780     11.20
22:37:30      374.571541    302   3     0.859     6.771      9.75
22:37:40      374.573104    332   3     1.564     7.498     10.80
22:37:50      374.573905    332   3     0.801     7.144     10.29
22:38:00      374.574692    332   3     0.787     7.153     10.30
22:38:10      374.576099    328   3     1.407     6.197      8.92
22:38:20      374.577273    328   3     1.174     6.592      9.49
22:38:30      374.578838    328   3     1.565     7.297     10.51
22:38:40      374.579651    317   3     0.813     6.547      9.43
22:38:50      374.580856    353   3     1.204     6.950     10.01
22:39:00      374.581953    376   3     1.098     7.261     10.46
22:39:10      374.583832    373   3     1.878     7.733     11.13
22:39:20      374.584628    360   3     0.797     7.355     10.59
22:39:30      374.585693    360   3     1.065     6.855      9.87
22:39:40      374.588100    350   3     2.406     8.448     12.17
22:39:50      374.590613    350   3     2.513     9.757     14.05
22:40:00      374.592377    532   4     1.764    10.424     15.01
22:40:10      374.594093    532   4     1.716    10.262     14.78
22:40:20      374.596568    500   4     2.475    11.940     17.19
22:40:30      374.598382    500   4     1.814    12.689     18.27
22:40:40      374.600156    498   4     1.774    12.056     17.36
22:40:50      374.601609    498   4     1.453    10.996     15.83
22:41:00      374.604367    479   4     2.757    11.989     17.26
22:41:10      374.606735    479   4     2.368    12.641     18.20
22:41:20      374.608126    471   4     1.392    11.558     16.64
22:41:30      374.611611    482   4     3.485    13.229     19.05
22:41:40      374.612656    481   4     1.046    12.500     18.00
22:41:50      374.614464    481   4     1.808    12.855     18.51
22:42:00      374.616637    499   4     2.173    12.270     17.67
22:42:10      374.617702    499   4     1.065    10.967     15.79
22:42:20      374.621795    509   4     4.093    13.669     19.68
22:42:30      374.623119    403   3     1.324    11.508     16.57
22:42:40      374.625368    430   3     2.249    12.711     18.30
22:42:50      374.627632    417   3     2.264    13.168     18.96
22:43:00      374.629265    391   3     1.633    12.628     18.18
22:43:10      374.631390    417   3     2.125    13.688     19.71
22:43:20      374.634727    911   6     3.337    12.933     18.62
22:43:30      374.636564    840   6     1.836    13.445     19.36
22:43:40      374.638725    831   6     2.161    13.357     19.23
22:43:50      374.640512    771   6     1.787    12.880     18.55
22:44:00      374.644898    771   6     4.385    15.632     22.51
22:44:10      374.646424    794   6     1.526    15.034     21.65
22:44:20      374.647850    797   6     1.426    13.123     18.90
22:44:30      374.650296    771   6     2.446    13.733     19.78
22:44:40      374.652038    791   6     1.742    13.313     19.17
22:44:50      374.655853    790   6     3.815    15.341     22.09
22:45:00      374.657037    845   6     1.184    12.139     17.48
22:45:10      374.658795    823   6     1.759    12.371     17.81
22:45:20      374.662420    845   6     3.625    14.570     20.98
22:45:30      374.663659    823   6     1.239    13.363     19.24
22:45:40      374.664860    775   6     1.200    12.822     18.46
22:45:50      374.666198    775   6     1.339    10.345     14.90
22:46:00      374.672187    635   5     5.988    15.150     21.82
22:46:10      374.674063    782   6     1.876    15.268     21.99
22:46:20      374.678139   1019   8     4.076    15.719     22.63
22:46:30      374.680015    983   8     1.876    16.356     23.55
22:46:40      374.684231    979   8     4.216    19.372     27.89
22:46:50      374.686782    979   8     2.551    20.584     29.64
22:47:00      374.693129   1021   8     6.347    20.943     30.16
22:47:10      374.695918   1021   8     2.789    21.855     31.47
22:47:20      374.699925    987   8     4.007    21.786     31.37
22:47:30      374.702381    987   8     2.456    22.366     32.21
22:47:40      374.709711    965   8     7.330    25.479     36.69
22:47:50      374.712215    965   8     2.504    25.433     36.62
22:48:00      374.717831    978   8     5.616    24.702     35.57
22:48:10      374.721386    935   8     3.555    25.469     36.67
22:48:20      374.724779    919   8     3.392    24.854     35.79
22:48:30      374.727603    963   8     2.825    25.222     36.32
22:48:40      374.732873    973   8     5.270    23.163     33.35
22:48:50      374.736540    936   8     3.667    24.325     35.03
22:49:00      374.740688    973   8     4.148    22.857     32.91
22:49:10      374.742402    831   7     1.714    21.016     30.26
22:49:20      374.750374    958   8     7.972    25.596     36.86
22:49:30      374.753309   1261  10     2.935    25.706     37.02
22:49:40      374.757694   1278  10     4.385    24.821     35.74
22:49:50      374.761540   1278  10     3.845    24.999     36.00
22:50:00      374.768971   1313  10     7.431    28.283     40.73
22:50:10      374.770485   1267  10     1.514    28.083     40.44
22:50:20      374.776063   1287  10     5.577    25.688     36.99
22:50:30      374.779570   1287  10     3.507    26.261     37.82
22:50:40      374.783443   1352  10     3.873    25.748     37.08
22:50:50      374.786416   1319  10     2.973    24.877     35.82
22:51:00      374.786416   1330  10     0.000    17.445     25.12
22:51:10      374.786416   1330  10     0.000    15.931     22.94
22:51:20      374.786416   1330  10     0.000    10.354     14.91
22:51:30      374.787637   1330  10     1.220     8.067     11.62
22:51:40      374.787637   1330  10     0.000     4.194      6.04
22:51:50      374.788859    817   6     1.223     2.443      3.52
22:52:00      374.793983    501   4     5.124     7.567     10.90
22:52:10      374.799946    823   6     5.962    13.529     19.48
22:52:20      374.802339   1128   8     2.393    15.922     22.93
22:52:30      374.807369   1128   8     5.031    19.733     28.41
22:52:40      374.809871   1493  10     2.502    22.235     32.02
22:52:50      374.816938   1309   9     7.067    28.079     40.43
22:53:00      374.820861   1654  12     3.923    26.877     38.70
22:53:10      374.827609   1654  12     6.749    27.664     39.84
22:53:20      374.831505   1689  12     3.896    29.166     42.00
22:53:30      374.835546   1689  12     4.041    28.177     40.57
22:53:40      374.839994   1630  12     4.448    30.123     43.38
22:53:50      374.843806   1636  12     3.812    26.868     38.69
22:54:00      374.851644   1636  12     7.838    30.784     44.33
22:54:10      374.854767   1558  12     3.123    27.158     39.11
22:54:20      374.856827   1558  12     2.060    25.322     36.46
22:54:30      374.864405   1572  12     7.578    28.859     41.56
22:54:40      374.867493   1597  12     3.088    27.499     39.60
22:54:50      374.870712   1597  12     3.219    26.906     38.74
22:55:00      374.876719   1597  12     6.007    25.075     36.11
22:55:10      374.880256   1566  12     3.537    25.489     36.70
22:55:20      374.883843   1585  12     3.587    27.016     38.90
22:55:30      374.886638   1585  12     2.795    22.233     32.02
22:55:40      374.894135   1585  12     7.497    26.642     38.36
